%YAML:1.0
---
intrinsic: !!opencv-matrix
   rows: 3
   cols: 3
   dt: d
   data: [ 9.1409998045338361e+03, 0., 3.0349242408307746e+03, 0.,
       9.1615250948766934e+03, 1.8905875800792276e+03, 0., 0., 1. ]
distCoeffs: !!opencv-matrix
   rows: 1
   cols: 5
   dt: d
   data: [ -1.4526503002048388e-01, 8.2097528687022336e-01,
       1.1455887269840208e-03, 2.5571549714562733e-03,
       -9.0922781682356177e+00 ]
Mean reprojection error: 4.7868007166510462e-01
file error: "file name: ..\\data\\dataset4\\112.JPG - error: 0.327722"
file error: "file name: ..\\data\\dataset4\\117.JPG - error: 0.409774"
file error: "file name: ..\\data\\dataset4\\106.JPG - error: 0.506220"
file error: "file name: ..\\data\\dataset4\\107.JPG - error: 0.554120"
file error: "file name: ..\\data\\dataset4\\113.JPG - error: 0.554120"
